/* bpf101.txt  FIR bandpass coefficients designed with DF-Design */

#define N 101    /* number of coefficients(filter length) */

float h[N]=
{ 
  0.00000000e+00,
 -5.74787875e-06,
 -4.02337959e-05,
 -1.05569644e-04,
 -1.67270267e-04,
 -1.73102164e-04,
 -9.22743636e-05,
  5.00350569e-05,
  1.70273919e-04,
  1.68457484e-04,
 -3.72229993e-19,
 -2.61069703e-04,
 -4.12370078e-04,
 -1.92735682e-04,
  5.82301276e-04,
  1.87445756e-03,
  3.34360716e-03,
  4.39919518e-03,
  4.39483900e-03,
  2.90928726e-03,
 -4.04022230e-18,
 -3.69775434e-03,
 -7.10792555e-03,
 -9.07464825e-03,
 -8.82830691e-03,
 -6.36619772e-03,
 -2.56028084e-03,
  1.10607007e-03,
  3.12046062e-03,
  2.63814555e-03,
 -2.55130233e-18,
 -3.19473977e-03,
 -4.57963614e-03,
 -1.97040919e-03,
  5.54975018e-03,
  1.68469248e-02,
  2.86448934e-02,
  3.62986728e-02,
  3.52874247e-02,
  2.29732963e-02,
 -1.05774393e-17,
 -2.92490963e-02,
 -5.74417861e-02,
 -7.62269334e-02,
 -7.87716345e-02,
 -6.21040578e-02,
 -2.84541064e-02,
  1.49373882e-02,
  5.75884675e-02,
  8.86471436e-02,
  1.00000000e-01,
  8.86471436e-02,
  5.75884675e-02,
  1.49373882e-02,
 -2.84541064e-02,
 -6.21040578e-02,
 -7.87716345e-02,
 -7.62269334e-02,
 -5.74417861e-02,
 -2.92490963e-02,
 -1.05774393e-17,
  2.29732963e-02,
  3.52874247e-02,
  3.62986728e-02,
  2.86448934e-02,
  1.68469248e-02,
  5.54975018e-03,
 -1.97040919e-03,
 -4.57963614e-03,
 -3.19473977e-03,
 -2.55130233e-18,
  2.63814555e-03,
  3.12046062e-03,
  1.10607007e-03,
 -2.56028084e-03,
 -6.36619772e-03,
 -8.82830691e-03,
 -9.07464825e-03,
 -7.10792555e-03,
 -3.69775434e-03,
 -4.04022230e-18,
  2.90928726e-03,
  4.39483900e-03,
  4.39919518e-03,
  3.34360716e-03,
  1.87445756e-03,
  5.82301276e-04,
 -1.92735682e-04,
 -4.12370078e-04,
 -2.61069703e-04,
 -3.72229993e-19,
  1.68457484e-04,
  1.70273919e-04,
  5.00350569e-05,
 -9.22743636e-05,
 -1.73102164e-04,
 -1.67270267e-04,
 -1.05569644e-04,
 -4.02337959e-05,
 -5.74787875e-06,
  0.00000000e+00
};
